numerical:tensor([[ 2.2462e+00,  0.0000e+00, -3.1598e-01,  0.0000e+00,  0.0000e+00,
         -2.9569e-01, -2.7869e-01, -3.6078e-01, -3.9629e-01, -4.9812e-01,
         -5.0656e-01,  0.0000e+00,  0.0000e+00,  0.0000e+00,  0.0000e+00,
          0.0000e+00,  0.0000e+00,  0.0000e+00,  0.0000e+00,  0.0000e+00,
          0.0000e+00,  0.0000e+00,  0.0000e+00,  0.0000e+00],
        [-3.2692e-02,  0.0000e+00, -1.6619e-01,  0.0000e+00,  0.0000e+00,
         -1.8082e-01, -1.9308e-01, -1.3389e-01, -1.0829e-01, -3.4877e-02,
         -2.8789e-02,  0.0000e+00,  0.0000e+00,  0.0000e+00,  0.0000e+00,
          0.0000e+00,  0.0000e+00,  0.0000e+00,  0.0000e+00,  0.0000e+00,
          0.0000e+00,  0.0000e+00,  0.0000e+00,  0.0000e+00],
        [-3.1598e-01,  0.0000e+00,  2.4906e+00,  0.0000e+00,  0.0000e+00,
         -2.5028e-01, -2.4485e-01, -2.7110e-01, -2.8245e-01, -3.1501e-01,
         -3.1771e-01,  0.0000e+00,  0.0000e+00,  0.0000e+00,  0.0000e+00,
          0.0000e+00,  0.0000e+00,  0.0000e+00,  0.0000e+00,  0.0000e+00,
          0.0000e+00,  0.0000e+00,  0.0000e+00,  0.0000e+00],
        [ 1.7473e-01,  0.0000e+00, -9.9873e-02,  0.0000e+00,  0.0000e+00,
         -1.2996e-01, -1.5517e-01, -3.3428e-02,  1.9232e-02,  1.7024e-01,
          1.8276e-01,  0.0000e+00,  0.0000e+00,  0.0000e+00,  0.0000e+00,
          0.0000e+00,  0.0000e+00,  0.0000e+00,  0.0000e+00,  0.0000e+00,
          0.0000e+00,  0.0000e+00,  0.0000e+00,  0.0000e+00],
        [ 1.4430e-01,  0.0000e+00, -1.0961e-01,  0.0000e+00,  0.0000e+00,
         -1.3742e-01, -1.6073e-01, -4.8170e-02,  5.1944e-04,  1.4014e-01,
          1.5172e-01,  0.0000e+00,  0.0000e+00,  0.0000e+00,  0.0000e+00,
          0.0000e+00,  0.0000e+00,  0.0000e+00,  0.0000e+00,  0.0000e+00,
          0.0000e+00,  0.0000e+00,  0.0000e+00,  0.0000e+00],
        [-2.9569e-01,  0.0000e+00, -2.5028e-01,  0.0000e+00,  0.0000e+00,
          2.5020e+00, -2.4114e-01, -2.6127e-01, -2.6998e-01, -2.9495e-01,
         -2.9702e-01,  0.0000e+00,  0.0000e+00,  0.0000e+00,  0.0000e+00,
          0.0000e+00,  0.0000e+00,  0.0000e+00,  0.0000e+00,  0.0000e+00,
          0.0000e+00,  0.0000e+00,  0.0000e+00,  0.0000e+00],
        [-2.7869e-01,  0.0000e+00, -2.4485e-01,  0.0000e+00,  0.0000e+00,
         -2.4114e-01,  2.5093e+00, -2.5304e-01, -2.5953e-01, -2.7814e-01,
         -2.7968e-01,  0.0000e+00,  0.0000e+00,  0.0000e+00,  0.0000e+00,
          0.0000e+00,  0.0000e+00,  0.0000e+00,  0.0000e+00,  0.0000e+00,
          0.0000e+00,  0.0000e+00,  0.0000e+00,  0.0000e+00],
        [-3.6078e-01,  0.0000e+00, -2.7110e-01,  0.0000e+00,  0.0000e+00,
         -2.6127e-01, -2.5304e-01,  2.4545e+00, -3.1000e-01, -3.5932e-01,
         -3.6341e-01,  0.0000e+00,  0.0000e+00,  0.0000e+00,  0.0000e+00,
          0.0000e+00,  0.0000e+00,  0.0000e+00,  0.0000e+00,  0.0000e+00,
          0.0000e+00,  0.0000e+00,  0.0000e+00,  0.0000e+00],
        [-3.9629e-01,  0.0000e+00, -2.8245e-01,  0.0000e+00,  0.0000e+00,
         -2.6998e-01, -2.5953e-01, -3.1000e-01,  2.4155e+00, -3.9443e-01,
         -3.9962e-01,  0.0000e+00,  0.0000e+00,  0.0000e+00,  0.0000e+00,
          0.0000e+00,  0.0000e+00,  0.0000e+00,  0.0000e+00,  0.0000e+00,
          0.0000e+00,  0.0000e+00,  0.0000e+00,  0.0000e+00],
        [-4.9812e-01,  0.0000e+00, -3.1501e-01,  0.0000e+00,  0.0000e+00,
         -2.9495e-01, -2.7814e-01, -3.5932e-01, -3.9443e-01,  2.2522e+00,
         -5.0347e-01,  0.0000e+00,  0.0000e+00,  0.0000e+00,  0.0000e+00,
          0.0000e+00,  0.0000e+00,  0.0000e+00,  0.0000e+00,  0.0000e+00,
          0.0000e+00,  0.0000e+00,  0.0000e+00,  0.0000e+00],
        [-5.0656e-01,  0.0000e+00, -3.1771e-01,  0.0000e+00,  0.0000e+00,
         -2.9702e-01, -2.7968e-01, -3.6341e-01, -3.9962e-01, -5.0347e-01,
          2.2352e+00,  0.0000e+00,  0.0000e+00,  0.0000e+00,  0.0000e+00,
          0.0000e+00,  0.0000e+00,  0.0000e+00,  0.0000e+00,  0.0000e+00,
          0.0000e+00,  0.0000e+00,  0.0000e+00,  0.0000e+00],
        [ 1.1961e-01,  0.0000e+00, -1.1750e-01,  0.0000e+00,  0.0000e+00,
         -1.4348e-01, -1.6524e-01, -6.0127e-02, -1.4658e-02,  1.1573e-01,
          1.2654e-01,  0.0000e+00,  0.0000e+00,  0.0000e+00,  0.0000e+00,
          0.0000e+00,  0.0000e+00,  0.0000e+00,  0.0000e+00,  0.0000e+00,
          0.0000e+00,  0.0000e+00,  0.0000e+00,  0.0000e+00],
        [ 0.0000e+00,  0.0000e+00,  0.0000e+00,  0.0000e+00,  0.0000e+00,
          0.0000e+00,  0.0000e+00,  0.0000e+00,  0.0000e+00,  0.0000e+00,
          0.0000e+00,  0.0000e+00,  0.0000e+00,  0.0000e+00, -8.0908e-02,
          2.0628e-01, -2.1405e-01, -1.4869e-01,  0.0000e+00,  2.3981e-01,
          0.0000e+00, -2.3966e-01,  0.0000e+00,  0.0000e+00],
        [ 0.0000e+00,  0.0000e+00,  0.0000e+00,  0.0000e+00,  0.0000e+00,
          0.0000e+00,  0.0000e+00,  0.0000e+00,  0.0000e+00,  0.0000e+00,
          0.0000e+00,  0.0000e+00,  0.0000e+00,  0.0000e+00, -2.6831e-01,
         -2.5746e-01, -2.7334e-01, -2.7087e-01,  0.0000e+00, -2.5619e-01,
          0.0000e+00, -2.7431e-01,  0.0000e+00,  0.0000e+00],
        [ 0.0000e+00,  0.0000e+00,  0.0000e+00,  0.0000e+00,  0.0000e+00,
          0.0000e+00,  0.0000e+00,  0.0000e+00,  0.0000e+00,  0.0000e+00,
          0.0000e+00,  0.0000e+00,  0.0000e+00,  0.0000e+00,  2.9067e+00,
         -5.8662e-01, -3.1542e-01, -3.5759e-01,  0.0000e+00, -6.0826e-01,
          0.0000e+00, -2.9890e-01,  0.0000e+00,  0.0000e+00],
        [ 0.0000e+00,  0.0000e+00,  0.0000e+00,  0.0000e+00,  0.0000e+00,
          0.0000e+00,  0.0000e+00,  0.0000e+00,  0.0000e+00,  0.0000e+00,
          0.0000e+00,  0.0000e+00,  0.0000e+00,  0.0000e+00, -5.8662e-01,
          2.2628e+00, -3.7405e-01, -4.7840e-01,  0.0000e+00, -1.0987e+00,
          0.0000e+00, -3.3315e-01,  0.0000e+00,  0.0000e+00],
        [ 0.0000e+00,  0.0000e+00,  0.0000e+00,  0.0000e+00,  0.0000e+00,
          0.0000e+00,  0.0000e+00,  0.0000e+00,  0.0000e+00,  0.0000e+00,
          0.0000e+00,  0.0000e+00,  0.0000e+00,  0.0000e+00, -3.1542e-01,
         -3.7405e-01,  3.0198e+00, -3.0159e-01,  0.0000e+00, -3.8090e-01,
          0.0000e+00, -2.8302e-01,  0.0000e+00,  0.0000e+00],
        [ 0.0000e+00,  0.0000e+00,  0.0000e+00,  0.0000e+00,  0.0000e+00,
          0.0000e+00,  0.0000e+00,  0.0000e+00,  0.0000e+00,  0.0000e+00,
          0.0000e+00,  0.0000e+00,  0.0000e+00,  0.0000e+00, -3.5759e-01,
         -4.7840e-01, -3.0159e-01,  2.9789e+00,  0.0000e+00, -4.9250e-01,
          0.0000e+00, -2.9081e-01,  0.0000e+00,  0.0000e+00],
        [ 0.0000e+00,  0.0000e+00,  0.0000e+00,  0.0000e+00,  0.0000e+00,
          0.0000e+00,  0.0000e+00,  0.0000e+00,  0.0000e+00,  0.0000e+00,
          0.0000e+00,  0.0000e+00,  0.0000e+00,  0.0000e+00, -5.0978e-02,
          2.8035e-01, -2.0458e-01, -1.2918e-01,  0.0000e+00,  3.1903e-01,
          0.0000e+00, -2.3413e-01,  0.0000e+00,  0.0000e+00],
        [ 0.0000e+00,  0.0000e+00,  0.0000e+00,  0.0000e+00,  0.0000e+00,
          0.0000e+00,  0.0000e+00,  0.0000e+00,  0.0000e+00,  0.0000e+00,
          0.0000e+00,  0.0000e+00,  0.0000e+00,  0.0000e+00, -6.0826e-01,
         -1.0987e+00, -3.8090e-01, -4.9250e-01,  0.0000e+00,  2.1520e+00,
          0.0000e+00, -3.3715e-01,  0.0000e+00,  0.0000e+00],
        [ 0.0000e+00,  0.0000e+00,  0.0000e+00,  0.0000e+00,  0.0000e+00,
          0.0000e+00,  0.0000e+00,  0.0000e+00,  0.0000e+00,  0.0000e+00,
          0.0000e+00,  0.0000e+00,  0.0000e+00,  0.0000e+00, -1.1702e-01,
          1.1692e-01, -2.2547e-01, -1.7223e-01,  0.0000e+00,  1.4424e-01,
          0.0000e+00, -2.4634e-01,  0.0000e+00,  0.0000e+00],
        [ 0.0000e+00,  0.0000e+00,  0.0000e+00,  0.0000e+00,  0.0000e+00,
          0.0000e+00,  0.0000e+00,  0.0000e+00,  0.0000e+00,  0.0000e+00,
          0.0000e+00,  0.0000e+00,  0.0000e+00,  0.0000e+00, -2.9890e-01,
         -3.3315e-01, -2.8302e-01, -2.9081e-01,  0.0000e+00, -3.3715e-01,
          0.0000e+00,  3.0280e+00,  0.0000e+00,  0.0000e+00],
        [ 0.0000e+00,  0.0000e+00,  0.0000e+00,  0.0000e+00,  0.0000e+00,
          0.0000e+00,  0.0000e+00,  0.0000e+00,  0.0000e+00,  0.0000e+00,
          0.0000e+00,  0.0000e+00,  0.0000e+00,  0.0000e+00, -2.5532e-02,
          3.4332e-01, -1.9652e-01, -1.1259e-01,  0.0000e+00,  3.8638e-01,
          0.0000e+00, -2.2942e-01,  0.0000e+00,  0.0000e+00],
        [ 0.0000e+00,  0.0000e+00,  0.0000e+00,  0.0000e+00,  0.0000e+00,
          0.0000e+00,  0.0000e+00,  0.0000e+00,  0.0000e+00,  0.0000e+00,
          0.0000e+00,  0.0000e+00,  0.0000e+00,  0.0000e+00, -1.9714e-01,
         -8.1341e-02, -2.5082e-01, -2.2447e-01,  0.0000e+00, -6.7821e-02,
          0.0000e+00, -2.6115e-01,  0.0000e+00,  0.0000e+00]],
       dtype=torch.float64)
analytical:tensor([[ 2.2462e+00, -3.2692e-02, -3.1598e-01,  1.7473e-01,  1.4430e-01,
         -2.9569e-01, -2.7869e-01, -3.6078e-01, -3.9629e-01, -4.9812e-01,
         -5.0656e-01,  1.1961e-01,  0.0000e+00,  0.0000e+00,  0.0000e+00,
          0.0000e+00,  0.0000e+00,  0.0000e+00,  0.0000e+00,  0.0000e+00,
          0.0000e+00,  0.0000e+00,  0.0000e+00,  0.0000e+00],
        [-3.2692e-02,  2.3769e+00, -1.6619e-01, -5.1998e-01, -4.9804e-01,
         -1.8082e-01, -1.9308e-01, -1.3389e-01, -1.0829e-01, -3.4877e-02,
         -2.8789e-02, -4.8024e-01,  0.0000e+00,  0.0000e+00,  0.0000e+00,
          0.0000e+00,  0.0000e+00,  0.0000e+00,  0.0000e+00,  0.0000e+00,
          0.0000e+00,  0.0000e+00,  0.0000e+00,  0.0000e+00],
        [-3.1598e-01, -1.6619e-01,  2.4906e+00, -9.9873e-02, -1.0961e-01,
         -2.5028e-01, -2.4485e-01, -2.7110e-01, -2.8245e-01, -3.1501e-01,
         -3.1771e-01, -1.1750e-01,  0.0000e+00,  0.0000e+00,  0.0000e+00,
          0.0000e+00,  0.0000e+00,  0.0000e+00,  0.0000e+00,  0.0000e+00,
          0.0000e+00,  0.0000e+00,  0.0000e+00,  0.0000e+00],
        [ 1.7473e-01, -5.1998e-01, -9.9873e-02,  1.9197e+00, -7.8245e-01,
         -1.2996e-01, -1.5517e-01, -3.3428e-02,  1.9232e-02,  1.7024e-01,
          1.8276e-01, -7.4584e-01,  0.0000e+00,  0.0000e+00,  0.0000e+00,
          0.0000e+00,  0.0000e+00,  0.0000e+00,  0.0000e+00,  0.0000e+00,
          0.0000e+00,  0.0000e+00,  0.0000e+00,  0.0000e+00],
        [ 1.4430e-01, -4.9804e-01, -1.0961e-01, -7.8245e-01,  2.0066e+00,
         -1.3742e-01, -1.6073e-01, -4.8170e-02,  5.1944e-04,  1.4014e-01,
          1.5172e-01, -7.0687e-01,  0.0000e+00,  0.0000e+00,  0.0000e+00,
          0.0000e+00,  0.0000e+00,  0.0000e+00,  0.0000e+00,  0.0000e+00,
          0.0000e+00,  0.0000e+00,  0.0000e+00,  0.0000e+00],
        [-2.9569e-01, -1.8082e-01, -2.5028e-01, -1.2996e-01, -1.3742e-01,
          2.5020e+00, -2.4114e-01, -2.6127e-01, -2.6998e-01, -2.9495e-01,
         -2.9702e-01, -1.4348e-01,  0.0000e+00,  0.0000e+00,  0.0000e+00,
          0.0000e+00,  0.0000e+00,  0.0000e+00,  0.0000e+00,  0.0000e+00,
          0.0000e+00,  0.0000e+00,  0.0000e+00,  0.0000e+00],
        [-2.7869e-01, -1.9308e-01, -2.4485e-01, -1.5517e-01, -1.6073e-01,
         -2.4114e-01,  2.5093e+00, -2.5304e-01, -2.5953e-01, -2.7814e-01,
         -2.7968e-01, -1.6524e-01,  0.0000e+00,  0.0000e+00,  0.0000e+00,
          0.0000e+00,  0.0000e+00,  0.0000e+00,  0.0000e+00,  0.0000e+00,
          0.0000e+00,  0.0000e+00,  0.0000e+00,  0.0000e+00],
        [-3.6078e-01, -1.3389e-01, -2.7110e-01, -3.3428e-02, -4.8170e-02,
         -2.6127e-01, -2.5304e-01,  2.4545e+00, -3.1000e-01, -3.5932e-01,
         -3.6341e-01, -6.0127e-02,  0.0000e+00,  0.0000e+00,  0.0000e+00,
          0.0000e+00,  0.0000e+00,  0.0000e+00,  0.0000e+00,  0.0000e+00,
          0.0000e+00,  0.0000e+00,  0.0000e+00,  0.0000e+00],
        [-3.9629e-01, -1.0829e-01, -2.8245e-01,  1.9232e-02,  5.1944e-04,
         -2.6998e-01, -2.5953e-01, -3.1000e-01,  2.4155e+00, -3.9443e-01,
         -3.9962e-01, -1.4658e-02,  0.0000e+00,  0.0000e+00,  0.0000e+00,
          0.0000e+00,  0.0000e+00,  0.0000e+00,  0.0000e+00,  0.0000e+00,
          0.0000e+00,  0.0000e+00,  0.0000e+00,  0.0000e+00],
        [-4.9812e-01, -3.4877e-02, -3.1501e-01,  1.7024e-01,  1.4014e-01,
         -2.9495e-01, -2.7814e-01, -3.5932e-01, -3.9443e-01,  2.2522e+00,
         -5.0347e-01,  1.1573e-01,  0.0000e+00,  0.0000e+00,  0.0000e+00,
          0.0000e+00,  0.0000e+00,  0.0000e+00,  0.0000e+00,  0.0000e+00,
          0.0000e+00,  0.0000e+00,  0.0000e+00,  0.0000e+00],
        [-5.0656e-01, -2.8789e-02, -3.1771e-01,  1.8276e-01,  1.5172e-01,
         -2.9702e-01, -2.7968e-01, -3.6341e-01, -3.9962e-01, -5.0347e-01,
          2.2352e+00,  1.2654e-01,  0.0000e+00,  0.0000e+00,  0.0000e+00,
          0.0000e+00,  0.0000e+00,  0.0000e+00,  0.0000e+00,  0.0000e+00,
          0.0000e+00,  0.0000e+00,  0.0000e+00,  0.0000e+00],
        [ 1.1961e-01, -4.8024e-01, -1.1750e-01, -7.4584e-01, -7.0687e-01,
         -1.4348e-01, -1.6524e-01, -6.0127e-02, -1.4658e-02,  1.1573e-01,
          1.2654e-01,  2.0721e+00,  0.0000e+00,  0.0000e+00,  0.0000e+00,
          0.0000e+00,  0.0000e+00,  0.0000e+00,  0.0000e+00,  0.0000e+00,
          0.0000e+00,  0.0000e+00,  0.0000e+00,  0.0000e+00],
        [ 0.0000e+00,  0.0000e+00,  0.0000e+00,  0.0000e+00,  0.0000e+00,
          0.0000e+00,  0.0000e+00,  0.0000e+00,  0.0000e+00,  0.0000e+00,
          0.0000e+00,  0.0000e+00,  2.7305e+00, -2.8707e-01, -8.0908e-02,
          2.0628e-01, -2.1405e-01, -1.4869e-01, -6.2391e-01,  2.3981e-01,
         -5.2156e-01, -2.3966e-01, -6.6335e-01, -3.9738e-01],
        [ 0.0000e+00,  0.0000e+00,  0.0000e+00,  0.0000e+00,  0.0000e+00,
          0.0000e+00,  0.0000e+00,  0.0000e+00,  0.0000e+00,  0.0000e+00,
          0.0000e+00,  0.0000e+00, -2.8707e-01,  3.0319e+00, -2.6831e-01,
         -2.5746e-01, -2.7334e-01, -2.7087e-01, -2.8882e-01, -2.5619e-01,
         -2.8495e-01, -2.7431e-01, -2.9031e-01, -2.8026e-01],
        [ 0.0000e+00,  0.0000e+00,  0.0000e+00,  0.0000e+00,  0.0000e+00,
          0.0000e+00,  0.0000e+00,  0.0000e+00,  0.0000e+00,  0.0000e+00,
          0.0000e+00,  0.0000e+00, -8.0908e-02, -2.6831e-01,  2.9067e+00,
         -5.8662e-01, -3.1542e-01, -3.5759e-01, -5.0978e-02, -6.0826e-01,
         -1.1702e-01, -2.9890e-01, -2.5532e-02, -1.9714e-01],
        [ 0.0000e+00,  0.0000e+00,  0.0000e+00,  0.0000e+00,  0.0000e+00,
          0.0000e+00,  0.0000e+00,  0.0000e+00,  0.0000e+00,  0.0000e+00,
          0.0000e+00,  0.0000e+00,  2.0628e-01, -2.5746e-01, -5.8662e-01,
          2.2628e+00, -3.7405e-01, -4.7840e-01,  2.8035e-01, -1.0987e+00,
          1.1692e-01, -3.3315e-01,  3.4332e-01, -8.1341e-02],
        [ 0.0000e+00,  0.0000e+00,  0.0000e+00,  0.0000e+00,  0.0000e+00,
          0.0000e+00,  0.0000e+00,  0.0000e+00,  0.0000e+00,  0.0000e+00,
          0.0000e+00,  0.0000e+00, -2.1405e-01, -2.7334e-01, -3.1542e-01,
         -3.7405e-01,  3.0198e+00, -3.0159e-01, -2.0458e-01, -3.8090e-01,
         -2.2547e-01, -2.8302e-01, -1.9652e-01, -2.5082e-01],
        [ 0.0000e+00,  0.0000e+00,  0.0000e+00,  0.0000e+00,  0.0000e+00,
          0.0000e+00,  0.0000e+00,  0.0000e+00,  0.0000e+00,  0.0000e+00,
          0.0000e+00,  0.0000e+00, -1.4869e-01, -2.7087e-01, -3.5759e-01,
         -4.7840e-01, -3.0159e-01,  2.9789e+00, -1.2918e-01, -4.9250e-01,
         -1.7223e-01, -2.9081e-01, -1.1259e-01, -2.2447e-01],
        [ 0.0000e+00,  0.0000e+00,  0.0000e+00,  0.0000e+00,  0.0000e+00,
          0.0000e+00,  0.0000e+00,  0.0000e+00,  0.0000e+00,  0.0000e+00,
          0.0000e+00,  0.0000e+00, -6.2391e-01, -2.8882e-01, -5.0978e-02,
          2.8035e-01, -2.0458e-01, -1.2918e-01,  2.6306e+00,  3.1903e-01,
         -5.5934e-01, -2.3413e-01, -7.2293e-01, -4.1608e-01],
        [ 0.0000e+00,  0.0000e+00,  0.0000e+00,  0.0000e+00,  0.0000e+00,
          0.0000e+00,  0.0000e+00,  0.0000e+00,  0.0000e+00,  0.0000e+00,
          0.0000e+00,  0.0000e+00,  2.3981e-01, -2.5619e-01, -6.0826e-01,
         -1.0987e+00, -3.8090e-01, -4.9250e-01,  3.1903e-01,  2.1520e+00,
          1.4424e-01, -3.3715e-01,  3.8638e-01, -6.7821e-02],
        [ 0.0000e+00,  0.0000e+00,  0.0000e+00,  0.0000e+00,  0.0000e+00,
          0.0000e+00,  0.0000e+00,  0.0000e+00,  0.0000e+00,  0.0000e+00,
          0.0000e+00,  0.0000e+00, -5.2156e-01, -2.8495e-01, -1.1702e-01,
          1.1692e-01, -2.2547e-01, -1.7223e-01, -5.5934e-01,  1.4424e-01,
          2.8320e+00, -2.4634e-01, -5.9147e-01, -3.7481e-01],
        [ 0.0000e+00,  0.0000e+00,  0.0000e+00,  0.0000e+00,  0.0000e+00,
          0.0000e+00,  0.0000e+00,  0.0000e+00,  0.0000e+00,  0.0000e+00,
          0.0000e+00,  0.0000e+00, -2.3966e-01, -2.7431e-01, -2.9890e-01,
         -3.3315e-01, -2.8302e-01, -2.9081e-01, -2.3413e-01, -3.3715e-01,
         -2.4634e-01,  3.0280e+00, -2.2942e-01, -2.6115e-01],
        [ 0.0000e+00,  0.0000e+00,  0.0000e+00,  0.0000e+00,  0.0000e+00,
          0.0000e+00,  0.0000e+00,  0.0000e+00,  0.0000e+00,  0.0000e+00,
          0.0000e+00,  0.0000e+00, -6.6335e-01, -2.9031e-01, -2.5532e-02,
          3.4332e-01, -1.9652e-01, -1.1259e-01, -7.2293e-01,  3.8638e-01,
         -5.9147e-01, -2.2942e-01,  2.5344e+00, -4.3198e-01],
        [ 0.0000e+00,  0.0000e+00,  0.0000e+00,  0.0000e+00,  0.0000e+00,
          0.0000e+00,  0.0000e+00,  0.0000e+00,  0.0000e+00,  0.0000e+00,
          0.0000e+00,  0.0000e+00, -3.9738e-01, -2.8026e-01, -1.9714e-01,
         -8.1341e-02, -2.5082e-01, -2.2447e-01, -4.1608e-01, -6.7821e-02,
         -3.7481e-01, -2.6115e-01, -4.3198e-01,  2.9833e+00]],
       dtype=torch.float64)
